Process Count : 10
P. No		Waiting time	T.A. time	W.T.A. time
8		30.334687732628872		32.59494697246754		14.420888718408278
2		45.32381721228925		50.13648262999136		10.417612337142247
6		53.07292465754078		63.440367895236385		6.119191245202073
3		89.35971888279954		101.45195165225289		8.389844422159536
9		95.37402886812093		111.23798788468825		7.011994154077068
1		98.94363752622145		113.42569793451668		7.83215196848283
4		99.0579656771486		113.18929446698013		8.00981253429102
5		99.39175139015899		114.40361722811056		7.620879273973138
10		103.91955449497166		122.00949012187557		6.744606096907237
7		101.11587673149866		120.6487247096937		6.176709348497291

Avg. T.A. :94.25385614958131
Avg. W.T.A. :8.274369009914071
